   1.0001872302369947     
  0.99963687756169572     
  0.99810000397584198     
  0.99557812618812969     
  0.99207373298750445     
  0.98759028278694139     
  0.98213220021042302     
  0.97570487172662668     
  0.96831464033270864     
  0.95996879929476053     
  0.95067558495039250     
  0.94044416858015545     
  0.92928464735663174     
  0.91720803438018450     
  0.90422624780960037     
  0.89035209910102309     
  0.87559928036414370     
  0.85998235084988739     
  0.84351672258229116     
  0.82621864514853305     
  0.80810518966259293     
  0.78919423191814764     
  0.76950443474741848     
  0.74905522960295057     
  0.72786679738139493     
  0.70596004850726013     
  0.68335660229684292     
  0.66007876562262702     
  0.63614951089894356     
  0.61159245341133384     
  0.58643182801066829     
  0.56069246519646621     
  0.53439976661236366     
  0.50757967997748488     
  0.48025867347933343     
  0.45246370965274169     
  0.42422221877134247     
  0.39556207177698699     
  0.36651155277460346     
  0.33709933111907991     
  0.30735443312223565     
  0.27730621340724965     
  0.24698432593921238     
  0.21641869476027670     
  0.18563948445813619     
  0.15467707039738018     
  0.12356200874250904     
   9.2325006302871201E-002
   6.0996890228487928E-002
   2.9608577587706731E-002
  -1.8089551444494397E-003
  -3.3224702656290121E-002
  -6.4607661397849764E-002
  -9.5926860177777185E-002
 -0.12715139072814183     
 -0.15825043820702026     
 -0.18919331160918454     
 -0.21994947405438689     
 -0.25048857292350873     
 -0.28078046981300614     
 -0.31079527027783366     
 -0.34050335333367848     
 -0.36987540068927077     
 -0.39888242567993376     
 -0.42749580187412067     
 -0.45568729132406338     
 -0.48342907243328398     
 -0.51069376741308492     
 -0.53745446930121188     
 -0.56368476851586702     
 -0.58935877891845578     
 -0.61445116336041394     
 -0.63893715868772538     
 -0.66279260017919983     
 -0.68599394539424718     
 -0.70851829740623407     
 -0.73034342739917857     
 -0.75144779660462391     
 -0.77181057755828064     
 -0.79141167465367834     
 -0.81023174397448172     
 -0.82825221238444779     
 -0.84545529585689527     
 -0.86182401702539480     
 -0.87734222193835998     
 -0.89199459600107800     
 -0.90576667908935882     
 -0.91864487981992959     
 -0.93061648896344662     
 -0.94166969198702211     
 -0.95179358071378972     
 -0.96097816408780590     
 -0.96921437803419652     
 -0.97649409440413393     
 -0.98281012899643505     
 -0.98815624864753515     
 -0.99252717738274365     
 -0.99591860162317980     
 -0.99832717444248709     
 -0.99975051887013355     
  -1.0001872302370129     
 -0.99963687756168274     
 -0.99810000397583531     
 -0.99557812618813057     
 -0.99207373298750789     
 -0.98759028278693295     
 -0.98213220021042813     
 -0.97570487172662435     
 -0.96831464033269687     
 -0.95996879929475942     
 -0.95067558495039239     
 -0.94044416858015456     
 -0.92928464735662875     
 -0.91720803438018361     
 -0.90422624780959182     
 -0.89035209910104374     
 -0.87559928036416013     
 -0.85998235084988672     
 -0.84351672258230326     
 -0.82621864514853016     
 -0.80810518966258205     
 -0.78919423191815408     
 -0.76950443474742425     
 -0.74905522960294391     
 -0.72786679738139115     
 -0.70596004850726146     
 -0.68335660229684914     
 -0.66007876562262857     
 -0.63614951089895988     
 -0.61159245341133273     
 -0.58643182801066573     
 -0.56069246519646332     
 -0.53439976661236233     
 -0.50757967997749109     
 -0.48025867347933587     
 -0.45246370965273697     
 -0.42422221877132016     
 -0.39556207177698061     
 -0.36651155277459901     
 -0.33709933111908552     
 -0.30735443312221949     
 -0.27730621340724682     
 -0.24698432593922057     
 -0.21641869476027917     
 -0.18563948445814851     
 -0.15467707039737608     
 -0.12356200874251273     
  -9.2325006302857532E-002
  -6.0996890228475376E-002
  -2.9608577587715835E-002
   1.8089551444439500E-003
   3.3224702656277139E-002
   6.4607661397861782E-002
   9.5926860177788398E-002
  0.12715139072814097     
  0.15825043820702170     
  0.18919331160916500     
  0.21994947405436455     
  0.25048857292349613     
  0.28078046981301014     
  0.31079527027784165     
  0.34050335333368664     
  0.36987540068926911     
  0.39888242567994131     
  0.42749580187410935     
  0.45568729132406527     
  0.48342907243327371     
  0.51069376741308392     
  0.53745446930122021     
  0.56368476851587623     
  0.58935877891846278     
  0.61445116336041961     
  0.63893715868771761     
  0.66279260017920305     
  0.68599394539425995     
  0.70851829740623506     
  0.73034342739918101     
  0.75144779660460326     
  0.77181057755828442     
  0.79141167465369222     
  0.81023174397448938     
  0.82825221238444557     
  0.84545529585691237     
  0.86182401702540079     
  0.87734222193836131     
  0.89199459600108000     
  0.90576667908936248     
  0.91864487981992493     
  0.93061648896344284     
  0.94166969198703065     
  0.95179358071378961     
  0.96097816408780867     
  0.96921437803419108     
  0.97649409440412993     
  0.98281012899642917     
  0.98815624864753770     
  0.99252717738274221     
  0.99591860162316248     
  0.99832717444249475     
  0.99975051887013422     
